&CPMD
rESTART WAVEFUNCTION LATEST 
rESTART WAVEFUNCTION COORDINATES VELOCITIES LATEST 
rESTART NOSEP ACCUMULATORS LATEST
mOLECULAR DYNAMICS CP 
OPTIMIZE GEOMETRY XYZ
oPTIMIZE WAVEFUNCTION
qUENCH BO 
lSD
CONVERGENCE ORBITAL 
1.0D-5
CONVERGENCE GEOMETRY 
2.0D-3
MAXSTEPS 
100000
MAXITER 
1000000
MAXCPUTIME 
171000
TIMESTEP 
4.0
EMASS 
500
STORE 
1
nOSE IONS MASSIVE 
150.0  1000
TRAJECTORY SAMPLE XYZ 
1
GDIIS 
5 
PRINT COORDINATES FORCES ENERGIES wannier 
1 
COMPRESS WRITE 16 
CP_GROUPS 
1
LBFGS
&END

&DFT
nEWCODE
FUNCTIONAL PBE
GC-CUTOFF 
1.0D-6
&END

&SYSTEM
ANGSTROM
SYMMETRY
8
sURFACE  XY
pOISSON SOLVER  HOCKNEY
CELL 
8.728 0.5772 5.7286 0 0 0 
CUTOFF
90
CHARGE
0
mULTIPLICITY
1
KPOINTS MONKHORST-PACK 
 1 1 1 
&END

&VDW
eMPIRICAL CORRECTION
VDW pARAMETERS
aLL DFT-D2
vDW-CUTOFF
1.0D-2
vDW-CELL
3 3 1
eND EMPIRICAL CORRECTION
&END

&ATOMS
*H_SG_PBE.psp
LMAX= D
8 
0.716780753204 1.256010377958 2.460992790461
2.911296966124 -0.011078264061 2.461049597678
5.105977133283 1.254985546228 2.461016132548
7.300605787774 -0.011007635391 2.460987312524
0.716771574320 3.788725246842 2.461081370203
2.911309673403 2.522404304621 2.461134680057
5.105927508181 3.788850857090 2.461089159376
7.300757802825 2.522332440223 2.461101388539

*C_SG_PBE.psp
LMAX= D
128 
-0.014534939102 -0.010527689496 6.124091350751
-0.014929261869 -0.010623122000 7.667944202096
-0.013411468294 -0.010151181221 12.301338394059
-0.013250196614 -0.010880852724 13.846610888190
-0.017311996279 -0.010215838966 18.351336093125
0.717576364502 1.256246459581 8.184526855540
0.715907411391 1.255575268163 3.569267661358
0.719314658599 1.256165011908 14.359022608582
0.716909834280 1.256310632634 9.727543397290
0.716778402450 1.256481058460 15.916409011288
1.448313948259 -0.011251101060 4.057472479369
1.447873055477 -0.011042691592 5.609614830651
1.449267897500 -0.010787094506 10.244061592396
1.449191199261 -0.010683958419 11.787243453077
1.446424302240 -0.010754286115 16.406699992714
1.446755363451 -0.010312163054 18.080390162269
2.912099873697 -0.011098765597 8.184481354786
2.180209692786 1.255803141674 6.124022070739
2.179917714772 1.256089231803 7.667822569420
2.910549708987 -0.011265548178 3.569325632515
2.914186487748 -0.010622736330 14.359635975144
2.181742228877 1.256145949271 12.301615831988
2.181523995875 1.256261234710 13.847151636777
2.911787723442 -0.010956868735 9.727567914059
2.177631698836 1.256667529911 18.355315255179
2.910748371284 -0.010607361560 15.917797884571
3.642972255087 1.255512781281 4.057429228723
3.642409665516 1.255670631577 5.609425862209
3.644195289923 1.255993772892 10.244301546982
3.644095070954 1.256048805709 11.787624503356
3.640409272441 1.255514343275 16.408953615656
3.641663892595 1.256321269256 18.097232838071
4.374989292383 -0.010608930684 6.124082728797
4.374646944005 -0.010739930802 7.667840056589
4.376340802867 -0.011077086645 12.301957776123
4.376171334857 -0.010963036936 13.848084280047
4.373827310831 -0.010238902445 18.356875178113
5.106907297204 1.256137937336 8.184555482451
5.105246969132 1.255517677950 3.569296549917
5.108593180496 1.256471497945 14.360336787241
5.106484944308 1.255655248615 9.727579856458
5.106145196195 1.256222287472 15.920327054028
5.837680610459 -0.011217312954 4.057500321803
5.837264043738 -0.011170037244 5.609539458973
5.838910712373 -0.010791142149 10.244112756498
5.838429073570 -0.010943422268 11.787239471335
5.836480441813 -0.010460284972 16.406812559379
5.835940158571 -0.010341416665 18.094144582450
7.301640231721 -0.010667601480 8.184285508641
6.569518837093 1.255868941489 6.123886114769
6.569133072766 1.256164504491 7.667646084193
7.299865974286 -0.011246276963 3.569265676314
7.303557897387 -0.010710891827 14.359356004539
6.570584551159 1.255815631121 12.301641276456
6.570638354388 1.255749675128 13.847329897839
7.301370352471 -0.010631546604 9.727484894523
6.566851910358 1.256345252778 18.357911390282
7.301005113705 -0.010197432264 15.917209674713
8.032333758376 1.255456729564 4.057379018924
8.031806041123 1.255707707958 5.609380468232
8.033848267675 1.256169513632 10.244116140641
8.033139625005 1.256612484534 11.787132498061
8.032222099557 1.256244129948 16.406202849215
8.029836543580 1.256272091467 18.091067295750
-0.014523727664 2.521960302194 6.123945944053
-0.015239456074 2.522191755811 7.667652632512
-0.013158088439 2.522320849226 12.301592762145
-0.013304968796 2.523008161961 13.846715149151
-0.018192373600 2.522857905562 18.354327821216
0.717199138082 3.789110908541 8.184402894496
0.715906148963 3.789067143944 3.569353993138
0.719498067078 3.789642749354 14.358822842201
0.716911677938 3.789208284370 9.727603777015
0.716460349430 3.789494608805 15.915616819262
1.448344599572 2.522320067216 4.057561406297
1.447903238646 2.522422048109 5.609591065637
1.449599986726 2.522578839416 10.244194893732
1.449375235282 2.522817848628 11.787286307342
1.446840989757 2.523191727229 16.407431395046
1.446475416081 2.523092962568 18.087457618967
2.912228833010 2.522603006757 8.184553847612
2.180344331061 3.789368657546 6.124136855655
2.179748819978 3.789150992799 7.667824138486
2.910581975593 2.522350187981 3.569414119210
2.914168820674 2.522698648747 14.360021556785
2.181658212313 3.789701555931 12.301756970892
2.181573883641 3.789416798819 13.847290586125
2.911888798538 2.522523403870 9.727594339785
2.178359962154 3.789447515858 18.352629580110
2.911497744786 2.522855715956 15.919056432072
3.643041885487 3.789177447335 4.057594055376
3.642767722057 3.789339547153 5.609728804194
3.644166327838 3.789425726538 10.244134392718
3.643797164014 3.789678467571 11.787330277316
3.640454186716 3.790437968630 16.408131264121
3.641971696537 3.789680719771 18.092543510308
4.374949157882 2.522041083055 6.124002829155
4.374475959615 2.522266456841 7.667703904064
4.376257745366 2.523165437731 12.301886317218
4.375978756861 2.522999138948 13.847861585015
4.373424243587 2.522813294561 18.360851969072
5.106818666389 3.789223718058 8.184390703379
5.105229793247 3.789190452442 3.569363727033
5.108790685117 3.789234323022 14.360277032395
5.106550843890 3.789746952490 9.727482642408
5.106210841257 3.789644137296 15.919721534067
5.837678416914 2.522377335982 4.057437488147
5.837257473244 2.522451395855 5.609527841584
5.838685696896 2.522501712005 10.244125748918
5.838557336468 2.522861858905 11.787467152961
5.836647139474 2.522803298574 16.408147321125
5.835742170848 2.522937312494 18.101075242329
7.301843702772 2.522210388213 8.184485063055
6.569757587066 3.789185126266 6.124108233680
6.569393252767 3.789125868246 7.667846675519
7.299977951991 2.522340839059 3.569376309998
7.303134919174 2.522759472436 14.359329697361
6.570901956864 3.789859411612 12.301675233444
6.570680156359 3.789899880733 13.847435383997
7.301127532538 2.522316333146 9.727492279390
6.567494767477 3.789600362843 18.354873175782
7.300935924593 2.522473914118 15.917932373836
8.032403871786 3.789240420985 4.057542910028
8.032199566392 3.789192583252 5.609676645859
8.033496747086 3.789371080146 10.243952901425
8.033465548790 3.789031582747 11.787181138682
8.031666785372 3.789758398322 16.405260273698
8.029974659037 3.789689653153 18.085512255115

&END
